Linhas           50
Colunas         500
Densidade      9.51 %
    1   63.01     37   39   45   47
    2   57.73      6    8   12   16   47
    3   68.31     10   13   43
    4   57.62      5   16   41   45
    5   66.09      9   19   25   32   36   39
    6   56.31     24   29   39   44
    7   61.75     12   18   28   30   42   49
    8   62.86      6   22   26
    9   71.06      4    8   11   37
   10   66.68      8   30   43
   11   62.48     24   27   44
   12   63.01      3   18   35   38
   13   68.69     12   28   30   46
   14   62.28     11   24   29   32   38   46   50
   15   64.09      1   10   25   28   31   38   50
   16   71.23     28   31   45   47
   17   71.51      2   38   42
   18   62.09      9   20   25   45   46
   19   67.87     16   22   50
   20   58.96      3   14   18   47
   21   65.54      7   25   28   40
   22   69.92      6   14   23   34
   23   69.74     12   20   40   41   44   47
   24   63.85     11   14   22   26   33   38
   25   71.69     40   42   46   49
   26   61.25     14   33   49
   27   57.90      9   16   19   26
   28   59.38      2   29   34   37
   29   67.03      4    9   11   27   28   30
   30   61.62      6   11   24   30   44   47   49
   31   64.21     16   35   37   39
   32   61.02      8   16   41   47
   33   69.91      5   22   23   26   41   49
   34   57.61      5   38   46
   35   57.69      2    5   29   42
   36   58.33      6   10   38   42
   37   66.20     26   30   44   45   48
   38   67.72      5   27   28
   39   71.47      4    8   11   16   45
   40   61.79     25   28   29   42
   41   56.33      9   33   37
   42   57.40      9   10   14
   43   68.20      2   17   23
   44   55.81      4    7   19   30   39   49
   45   70.49     12   16   21   24   32   37   50
   46   66.09      1    3    4    8   23
   47   56.42     18   32   39
   48   58.07      1   11   22   33   45
   49   67.39      1    8   13   18   21   30   47
   50   60.61     18   19   46
   51   68.44      7    9   14   27   36   44
   52   68.27      1   16   26   35   40
   53   57.57     24   32   46
   54   68.80     14   17   22   40
   55   67.06      5   32   36
   56   65.99      3   14   23   25   30   42   47
   57   67.33     21   32   44   50
   58   67.32     20   32   49   50
   59   63.07     24   27   36   45
   60   59.38     12   19   26   49
   61   65.70      1   15   27   34   35   37   45
   62   56.15      5    6   11   16   24   27   50
   63   66.21      8   14   21   24   35   40   47
   64   61.09     11   25   35   44
   65   61.32      7   12   17   34   38   44
   66   60.71      6    8   10   21   25   32   44
   67   62.24      7    9   30   39   40   47   48
   68   65.89     12   33   34
   69   62.61     32   41   43
   70   65.32     19   26   30
   71   67.66     21   27   39   44
   72   60.26     27   29   30   41
   73   67.96     10   38   40
   74   63.91     30   39   40   43   50
   75   58.46      2   19   22   25   47
   76   65.58      2   11   14   23   26   29   40
   77   62.15      3   16   31   45
   78   61.72     13   17   29   31   39   49
   79   58.85      2    8   20   33
   80   58.96      5   16   25
   81   64.56      2   27   42
   82   60.34     18   23   39
   83   65.10      7   12   13   20   27   33   49
   84   56.67     16   25   28   29   30   41   46
   85   67.96     27   34   38
   86   62.00     13   24   41
   87   66.21     14   24   25   29   31   43
   88   66.62      9   31   44
   89   66.83      1    3    9   48   49
   90   68.75      2   10   32   46
   91   71.01      7   32   37
   92   57.25      2    5   28   40
   93   70.88      2   14   18   22   26   41   48
   94   55.97     25   37   39   47
   95   55.67      4    9   13   14   15   18   29
   96   62.06      1   15   24   42
   97   68.08      8   10   11   28   31
   98   65.60      9   11   17   30   40   42
   99   56.74      4    8   13   28   36
  100   57.22     20   23   28   30
  101   67.41     15   17   48
  102   66.96      2   27   50
  103   56.59     13   18   40   42
  104   63.32      4   35   40
  105   64.31     16   30   32   40   44   48
  106   62.11      2    7    8   12   28   34   39
  107   56.38     25   28   35   44
  108   68.32      2    4    5    7   34   35   37
  109   67.16     12   23   38   46   47
  110   59.49      1    7   11   22   30   35   43
  111   56.22     13   14   25   27   39
  112   68.89      2    3   14   32   49
  113   68.22      3    4    5   19
  114   61.01      1    2   14   28
  115   70.65      1    2    4    6   14   41
  116   61.91      1    2    8   11   20
  117   56.83      2    5   19   32   35
  118   66.47      2   41   46
  119   69.04      2    5   22   30
  120   64.82     16   25   31   35
  121   63.58     12   43   50
  122   70.91      7   23   27   28   30   33   43
  123   57.92      1    7   13   24   36
  124   69.54     21   34   35   36
  125   66.25      2   15   18   46
  126   66.48      1    2   19   24   27   33   41
  127   57.47     20   24   38   40   50
  128   65.09      7   10   26   37   42   45   50
  129   61.66      6   27   30   38
  130   65.08      3    8   29   40
  131   67.75     15   19   25   30   33   36   49
  132   58.04      3   10   11   15   47
  133   61.54      9   11   13   16   20   48
  134   64.41      1   10   17   22   36   41
  135   59.93      4    8   10   11   18   34
  136   56.00     27   43   49
  137   65.68      6    9   19   30   34   40
  138   62.54      7   12   16   22   31   50
  139   64.07      9   17   18
  140   64.52     13   16   48
  141   69.85      6   15   20   43
  142   67.96     11   38   42   43   46   48
  143   56.87     19   32   33   46   47   49
  144   70.94      8   15   29   40   42   43   49
  145   56.53      2    4   17   18   38   49
  146   56.53     13   26   36   47
  147   68.82      3   13   19   20
  148   57.23     26   41   42
  149   66.45      7   15   24   31   42   50
  150   56.95      7   13   35   42   46
  151   60.43      1    5    6   14   20   32
  152   55.89      3   15   29   37   44   48   50
  153   64.36      6   10   11   30   42
  154   65.23      3   10   16   24   30   48
  155   59.93     18   25   39
  156   56.42     10   40   46   50
  157   61.02      7   21   40
  158   58.92      8   25   34
  159   71.52      7   16   26   28   31   35   46
  160   59.47      2   23   28   34   38   43
  161   67.36      9   13   19   20   21   27
  162   62.27      8   13   19   31   41
  163   60.44      4   25   29   37   42
  164   61.98      1    9   17   37   45   46
  165   59.60     10   11   19   28
  166   55.82     37   44   49
  167   66.26      5    9   13   15   17   33   35
  168   68.11     25   30   31   32
  169   57.26      3    5    7   18
  170   61.84      5   24   30   44
  171   62.68     23   30   37   40
  172   63.03     10   20   25   36   43
  173   63.88      9   12   14   16   30   37
  174   61.54      3    5    8   14   41   44
  175   60.32      6   18   19   34   37   40
  176   68.68     16   20   28
  177   61.48     19   25   39   41
  178   67.37      8    9   15   17   42   46
  179   62.80     13   17   23   27   39   42
  180   64.70      7   16   34   39
  181   59.45      2   14   24   25   27   34   40
  182   63.03      9   42   46
  183   56.90      1    3   14   22
  184   63.68      5   16   35
  185   57.00     18   26   30   32   40   48
  186   61.64     21   24   37
  187   59.83      3    7   19   20   30   32
  188   67.32      6    8   22   24   28
  189   57.60      4    8    9   20   38   44   47
  190   67.52      6    7   25   34   39
  191   56.46     13   14   18   29   40   42   47
  192   71.14      2    4   18   20   29   30
  193   67.25     12   34
  194   70.70      2    5    9   22   25   48
  195   67.95      1    7    8   10   29   40
  196   62.89     13   29   33
  197   61.27      6    7   12   13   15   26   32
  198   61.78      1   22   46
  199   63.38      4    6    8   16   19   34   36
  200   60.92     26   38   43   44
  201   69.97      3   11   14   25   43   50
  202   58.90      3   37   43   45
  203   60.89      2    3   23   28   42
  204   64.87     13   26   44
  205   68.46      1   27   35   50
  206   61.41     32   37   42
  207   57.20     15   30   42   43
  208   69.98      1   23   32   33   34   43
  209   55.68      1    5   28   43   48
  210   59.63     25   36   40   42
  211   59.07      4   25   29   36   44
  212   58.08     12   13   47
  213   64.46      7   18   20   31   43
  214   55.90      2   10   29
  215   58.00      7   15   17   18   26
  216   59.72      8   28   45
  217   58.89      5   25   33   38   48   50
  218   56.12     22   28   50
  219   67.96      4    8   13   22   23   37   45
  220   62.92      6   11   41
  221   67.71     12   38   39
  222   59.98      1    7   45   46   50
  223   59.22      5    6   15   23   33   40   49
  224   65.61     14   17   34   35
  225   64.89      2    6   14   15   27   33   39
  226   65.68     17   21   28   32
  227   62.01      5   12   15   36   37
  228   71.07     27   31   38   40
  229   67.48     28   43   46
  230   60.71      3    4    9   22   38
  231   70.70     15   17   23
  232   56.66     23   35   44   45
  233   67.23     20   27   35   36   44   48
  234   71.10     30   43   49
  235   62.62      4    5   27
  236   63.19     10   17   25   27   50
  237   63.60     15   34   37   43   49
  238   70.81     11   37   40   42   49
  239   61.69      5    9   12   15   49
  240   70.83      9   12   14   18   32   41   43
  241   65.56     19   20   44
  242   58.32     13   29   35
  243   67.42      1    8   42
  244   59.94     11   16   35   37   47
  245   62.81     10   13   25
  246   61.61     12   15   40   41   42   46
  247   62.55     14   19   28   34   50
  248   60.27     15   30   38   42   50
  249   68.48      8   23   28
  250   63.14     18   23   29   38   48
  251   57.49     15   16   17   23   27   39   43
  252   60.80     16   31   33   39   41   49
  253   63.93      1    8    9   21   24   27   39
  254   66.97     11   27   41   43
  255   69.30     11   31   44
  256   61.26      7   20   25   40   41
  257   69.15      7   17   39   47
  258   65.29      3   13   15   24   27   39
  259   66.17      2   12   31   40   45
  260   64.73      1    8   28
  261   64.25     20   25   26   28   29   35
  262   69.68      2   11   13   14   19   33   45
  263   58.33      4   18   33   36   39   46
  264   57.57     16   25   29   31   39   47
  265   58.23      9   17   28   30   31   45
  266   69.53      4    6    9   16   17   28   43
  267   66.93      5   15   25   30
  268   59.52      5   15   43
  269   71.04     11   20   23   33   38
  270   58.85      6   21   22   29   39   50
  271   62.91      1   11   15   25   29   30   36
  272   71.49      3   19   22   32   41
  273   58.14      2   11   14   15   19   41
  274   66.45      8   18   25   36   38   49
  275   68.54      7   35   39   49
  276   60.73     16   31   33   47
  277   69.49     18   22   23   43
  278   64.01      1    9   31
  279   68.59      7   11   28
  280   61.65     31   32   39   45   49   50
  281   65.25     11   23   26   46
  282   67.06     11   34   35   36   43
  283   61.52      8   23   41
  284   70.69      3   12   15   37   45   46   50
  285   60.53     12   15   39   42
  286   68.85     10   14   21   24   27   32
  287   67.36     22   42   43   50
  288   64.56      6    7   17   19   27   30
  289   61.85     30   39   47
  290   65.58     18   38   39   47
  291   58.72      1   16   19   28   36   42   48
  292   70.84      5    7   27   30   45   47
  293   71.24     16   35   40   41
  294   63.54      1    8   13   24   43
  295   60.35      7   10   24   38   42
  296   62.10     13   20   23   32   33   42
  297   65.56      4    5   23   26   34
  298   59.93     26   32   44
  299   68.13      4    9   29   43
  300   63.71      3    6   29   32   33   46   48
  301   57.14      7    9   10   19   22   24
  302   57.58      2   12   17   28   41   47
  303   57.34      4   14   43
  304   60.39      4    9   20
  305   70.50      6    7   12   28   29
  306   65.06      4   11   18   21   22   37
  307   62.59      4    6    9   28   40
  308   67.34      6   14   17   41
  309   68.36      8   13   15   32   43   45
  310   69.42      4   10   32   43
  311   57.22     13   17   33   38
  312   56.36      2   25   49   50
  313   58.26      5   11   41
  314   70.71     10   13   17   20   22   35
  315   59.78      7    8    9   17   29   42   50
  316   62.11     17   21   22   29   42
  317   64.95     15   16   17   44   46
  318   60.39     20   24   29   30
  319   57.59     11   25   40   43   45   48
  320   70.09     15   18   33   38   39
  321   62.49     21   47   49
  322   56.80      4   19   23   29   43
  323   69.79      5    7   12   25   30   49
  324   68.10     10   16   18   25   43   45
  325   60.81      8   29   30   33   36   40   41
  326   55.85      2   11   44
  327   61.52      1    8   30   33   44
  328   64.90     15   24   25   27   35   39   49
  329   60.48     39   40   49
  330   66.48     28   35   49
  331   55.69      1    7    8   34   41   47   50
  332   61.61     31   33   38
  333   62.34      1   26   30   47
  334   64.95     12   31   32   49
  335   64.96      1   10   11   14   38   46
  336   62.57      7   12   30   34   35   41
  337   64.09     11   28   39
  338   61.69      9   12   16   17   27   29   39
  339   69.20      2   35   37   44
  340   70.73      9   17   18   24   35   39
  341   60.74      9   14   22   46
  342   58.13      6    8   28   35
  343   57.33     16   20   35   37
  344   65.47     10   22   32   38   42   47
  345   69.97      2   18   24
  346   63.01      8   20   33   38   45
  347   59.60      9   26   28   38
  348   61.49     13   25   27   33   34   43
  349   61.64     11   14   23   31   41
  350   66.94      5    7   10   27   44
  351   67.68      2    9   22   25   30
  352   60.58     10   25   32   33   36   39
  353   63.49      8   11   26   29   34   38   44
  354   55.75      2   40   50
  355   68.06     29   33   40
  356   67.83      4   14   15   18   35   38
  357   71.31      6   10   11   35   42
  358   66.45     26   45   50
  359   62.05     10   14   37   39
  360   56.83      3   31   46
  361   60.02      4    9   26   29   37   49
  362   67.11     20   40   41   42   43   46
  363   62.83     11   23   30
  364   63.58      6   16   35   36
  365   55.54     11   15   37   42   44
  366   60.91      1    2    8   30   31   41   50
  367   64.53     10   25   34
  368   58.84     17   23   27   31   48
  369   70.42      3    4    8   39
  370   58.12      2   18   32   36   45   50
  371   62.74     13   47   48
  372   62.10      6    8   10   32   43
  373   65.40     18   27   49
  374   65.31      2   20   23   31
  375   64.71      3   31   45
  376   57.73     14   25   31
  377   71.51      4   13   32   34   37
  378   67.52      1    7   14   26   35
  379   63.47      1    2   10   30   49
  380   71.23      9   24   25   36   39
  381   60.58      3    6   20
  382   63.56     31   33   34   38   49
  383   67.91     22   25   35   40   45   46
  384   71.57      5   24   29   34   43   49
  385   62.60     10   16   38   40
  386   57.23      2    3    7   22   32   36
  387   57.87      6   21   24   29   50
  388   65.40      6   27   39
  389   61.47     12   16   19   24   28   38
  390   56.81      8   11   13   25   26   39   50
  391   61.37     15   16   20   24   25   37
  392   57.34      8   26   33   46   47
  393   62.23     16   21   23   28
  394   58.19     15   19   29   40
  395   69.43      1   16   17   21   28   30
  396   55.96     15   18   34   37   50
  397   63.53      7   12   22   31   50
  398   56.05      7   18   44
  399   58.33      3    9   21   38
  400   66.69     12   21   22   23   36   44   46
  401   61.56      8   12   18   29
  402   66.45      9   20   36   38   48
  403   69.43     10   19   20   24   25   34
  404   65.30     11   19   24   42   44   45   47
  405   69.99     19   28   36
  406   67.70     12   16   29   39
  407   58.17      6   14   20   41   46
  408   62.81      3   12   17
  409   63.61      6   30   40
  410   61.53      2
  411   69.10     19   31   32
  412   69.70     24   25   40   46
  413   64.91      1    3    5   14   16   42   50
  414   55.88     22   23   29   30   37
  415   68.30     11   35   40   43
  416   62.00     14   25   31   40   42
  417   62.88      3   16   17   21   27   39
  418   66.40      1   10   26
  419   63.03     11   17   43   50
  420   56.46      2    3   11   12   38   40
  421   55.99      9   19   22   26   32
  422   59.42      9   20   25   38   39
  423   58.16     18   19   28   33   37   44
  424   65.88      3   13   18   20   26   49
  425   62.40     23   30   34   35   40
  426   70.76     12   14   16   33   37   39
  427   66.74     17   25   29   31   33   34   35
  428   65.80     42   43   46
  429   57.72     20   38   45   47   48
  430   59.16      5   15   30   37   38   42   49
  431   55.98     21   23   24   36   37   39   44
  432   59.35     14   15   42   44   48
  433   63.46      1    3   29   41   43
  434   60.62     13   19   21   30   31   48
  435   70.22      4   15   16   21   30   40
  436   55.84      2    3   19   29
  437   63.45      2    4    5    7   42   48
  438   64.57     32   40   42
  439   64.34      4    9   28   33   42   44   50
  440   58.06      7    9   18
  441   60.37      1    3   13   32
  442   56.97     21   24   25   35   46
  443   69.37     27   35   49
  444   59.82      8   13   17   25   28   34   45
  445   70.96     19   20   26
  446   63.95     14   28   38   43
  447   69.98      2   13   14   23   49
  448   59.85     10   16   22
  449   56.51     16   36   37   39   42   46
  450   66.43      2    9   11   38   39   42
  451   62.07      4   12   13   44   50
  452   69.26     17   20   26   29   43   47
  453   64.65     31   39   46
  454   64.58     14   29   39
  455   66.53      6    7   12   34   41   44
  456   61.95     24   26   31   44
  457   69.22      6   25   26   27
  458   57.18      5    6   19   34   40   47
  459   57.39      4   14   37
  460   63.78     20   28   45
  461   67.44      5   13   29   35   38   40   42
  462   61.09      3    5    9   22   29   38   50
  463   58.24     21   32   42
  464   62.88     16   19   30   37
  465   58.82     21   33   43
  466   57.31      6   11   34   44   46   48
  467   65.51      4   18   21   27   29   41   46
  468   58.07     23   29   33   40   43   44   50
  469   68.33     20   29   47
  470   61.49      3   18   32   38
  471   60.54      4   10   14   25   26   46   49
  472   65.55      1   17   21   25   44   49
  473   56.96      7   38   44   49
  474   68.05      2    8   46   49
  475   68.56      1    6   25   29
  476   69.01      9   25   27   29   35   40
  477   68.23     21   22   24
  478   57.51      2    8   11   23   27   33   40
  479   65.24      6   11   13   16   26   34
  480   65.02      2   12   16
  481   57.17     15   23   24   26
  482   67.04     14   22   25   43   46   50
  483   69.20     15   32   38   50
  484   67.58     18   24   25   26   37
  485   66.14      2   42   50
  486   68.87     14   31   34   44   46   50
  487   67.44     17   33   34   36   44   46   47
  488   69.77     11   16   19   24   31   38
  489   56.20      7    9   15   20   38   46   47
  490   69.21     19   32   45
  491   71.56      5   22   34
  492   61.27     17   19   40
  493   66.63      5   14   37   41   47
  494   67.11      1    2    7    8   17   21
  495   57.02      4   25   27
  496   59.11     38   39   48
  497   68.01     20   44   46   48
  498   67.36      1   12   17   47
  499   59.01      2   40   45   48
  500   64.22      6    9   26   30   31   38   40